1271.122 3 
124.859 7.5
125.811 1.5
127.846 2.1
128.978 49.0
129.899 58.0
130.924 26.9
131.964 1.5
138.897 1.5
140.888 23.5
141.906 11.1
142.941 28.9
144.019 2.1
146.893 129.2
147.800 3.7
152.845 1.0
153.699 2.8
156.215 2.9
158.914 85.7
160.214 4.2
162.889 1.6
168.991 12.9
170.112 37.0
170.906 123.5
171.811 7.8
178.294 1.2
180.810 3.9
185.902 28.6
187.856 23.1
188.814 6.6
191.510 2.9
193.008 1.1
196.073 1.1
196.933 2.4
198.185 24.4
199.009 44.0
199.756 3.1
200.357 1.7
204.066 81.3
205.014 2.6
206.682 1.5
212.872 1.8
215.858 129.5
216.957 28.3
217.997 1.8
219.982 2.3
223.050 3.7
225.150 2.2
226.033 1.3
227.038 13.5
229.060 2.5
230.028 5.3
231.040 1.7
238.908 5.9
239.841 1.2
242.017 21.1
242.894 1.7
244.933 27.2
246.019 4.3
252.014 3.3
252.978 3.3
255.249 2.5
256.200 7.5
257.053 7.0
257.805 2.8
261.920 2.1
265.271 3.2
267.930 2.6
269.999 55.1
271.197 6.9
274.398 1.1
275.205 31.8
276.190 6.6
276.995 1.4
278.292 1.4
280.754 9.3
282.133 5.4
283.098 4.1
284.912 2.1
287.456 3.1
288.106 10.5
289.110 1.3
289.919 1.4
290.743 1.2
292.063 1.7
293.930 1.3
295.897 5.9
296.886 6.2
298.984 8.2
299.962 5.3
300.829 4.3
303.981 1.0
306.919 3.8
308.149 4.1
309.660 7.9
310.342 4.9
313.958 49.5
314.909 2.2
316.081 2.1
317.151 5.1
318.499 5.5
319.850 5.6
322.863 10.2
324.091 7.2
324.800 2.1
326.239 8.0
326.989 32.9
328.038 16.5
328.709 2.8
329.968 4.4
332.039 84.6
333.125 9.0
334.026 2.1
334.805 1.5
336.254 423.1
337.174 13.1
337.925 1.1
338.961 5.7
340.008 8.1
342.127 4.3
344.027 3.2
345.206 275.4
345.985 4.4
349.221 1.3
351.010 11.9
351.900 3.4
353.132 5.9
355.967 12.0
357.276 13.2
358.114 13.4
359.359 1.1
360.229 94.6
361.031 2.3
361.866 28.1
362.904 8.6
364.195 3.7
365.317 11.3
366.271 30.9
367.076 5.1
367.842 8.1
368.991 8.6
370.062 27.0
371.230 27.7
372.127 4.4
373.235 2.4
374.339 9.7
375.479 11.6
377.115 14.1
377.938 62.0
378.867 28.7
379.765 95.9
380.939 12.3
382.144 5.3
383.550 48.7
384.771 67.4
385.847 13.5
386.666 5.4
388.489 655.8
389.187 274.1
390.426 7.9
392.576 216.3
393.454 180.3
394.185 48.0
395.471 19.9
396.141 6.7
397.069 87.2
397.854 121.9
398.655 5.4
400.052 26.8
401.771 1710.6
402.986 115.6
404.110 25.0
406.500 913.6
407.229 165.8
408.320 4.5
409.159 24.9
410.024 10.7
410.873 3.9
411.992 10.0
412.804 8.5
415.255 2944.3
416.223 69.2
417.211 12.5
418.324 3.6
419.316 5.1
420.825 2.9
423.633 18.7
424.671 14.9
427.952 2.1
428.878 2.4
433.898 1.9
441.071 8.9
442.005 23.2
443.079 10.3
444.535 14.6
445.172 189.1
446.247 33.2
450.326 4.1
452.868 3.8
455.059 19.0
459.919 223.9
461.104 36.4
463.080 1.8
464.002 1.2
466.027 1.4
468.102 3.7
469.454 2.8
470.096 7.0
471.160 5.2
473.192 2.3
474.195 1.4
479.134 3.1
480.323 8.4
482.523 1.9
485.285 5.3
486.101 20.4
487.277 6.6
488.059 10.7
489.025 8.1
492.774 3.2
497.992 73.2
499.043 15.0
499.845 1.6
503.151 126.0
504.241 30.5
506.256 3.5
506.858 1.7
508.115 4.4
509.014 6.1
510.199 5.6
515.956 92.2
517.019 24.2
519.254 1.7
520.929 2.2
521.627 2.9
523.109 8.1
523.859 1.9
525.186 5.8
526.312 7.2
526.973 1.6
528.015 12.9
529.136 5.1
532.211 1.1
533.274 2.4
534.791 1.6
536.247 1.0
538.002 20.3
540.260 1.6
541.214 2.8
542.148 36.5
543.193 23.4
544.879 36.5
545.825 13.3
547.177 2.0
552.930 2.0
553.792 6.0
554.975 18.1
555.902 64.5
556.937 13.1
558.400 4.9
559.537 13.8
560.175 317.7
561.265 84.9
562.210 3.5
562.977 3.0
564.052 2.1
567.985 1.8
568.951 1.2
570.965 5.2
572.912 127.4
573.990 44.6
576.234 1.0
577.307 1.1
578.124 1.8
578.893 2.6
580.278 1.5
581.354 1.6
583.088 1.1
586.442 1.4
588.500 1.7
590.182 4.7
591.039 4.2
596.171 9.5
596.975 3.0
597.792 2.9
601.644 1.0
603.320 2.6
604.694 2.5
606.417 4.4
608.167 3.8
614.131 62.6
615.348 17.5
616.239 2.8
617.245 10.8
618.218 2.0
619.277 2.1
626.103 12.1
626.841 1.7
627.915 7.7
630.191 2.0
632.202 496.1
633.272 135.5
638.067 6.3
639.551 6.0
640.546 3.4
642.068 2.4
643.498 2.1
644.244 38.9
645.224 11.5
648.164 5.0
649.196 2.2
653.357 9.6
654.319 4.8
656.786 1.7
658.454 4.4
660.199 3.9
662.124 14.3
663.051 2.2
665.272 2.2
666.084 13.0
666.784 4.9
671.221 81.1
672.192 20.8
674.181 4.1
675.286 1.6
681.078 1.1
683.139 27.0
684.132 111.8
685.108 19.4
686.365 1.0
689.220 466.7
690.239 146.2
691.200 3.2
693.359 3.8
695.045 1.2
699.025 3.3
700.070 2.2
701.047 120.3
702.202 45.8
703.553 1.3
704.762 1.9
711.116 23.0
712.243 15.6
719.183 350.7
720.195 133.3
720.975 3.7
724.046 2.7
726.601 2.0
729.157 215.7
730.284 80.9
731.248 3.5
732.358 8.0
741.257 11.3
742.045 4.6
747.763 3.8
757.886 1.8
758.746 3.1
759.597 1.5
768.410 6.9
771.338 1.2
771.961 1.2
776.231 49.9
777.308 23.1
786.269 21.9
786.949 1.0
787.553 7.6
804.129 1.9
1084.532 3.0
