1036.752 2 
147.125 3.5
148.157 2.1
149.187 1.3
168.026 2.3
172.862 2.4
180.062 1.5
182.939 1.8
184.895 1.9
186.037 2.4
200.118 1.7
201.101 3.8
203.881 1.3
207.202 1.4
215.086 1.7
217.082 2.8
217.939 8.8
219.217 7.5
221.030 17.9
223.011 7.4
225.733 2.8
226.979 1.0
230.193 2.0
231.816 2.1
238.059 4.2
238.699 24.3
244.183 1.2
248.856 2.4
255.799 3.1
257.855 4.1
258.750 1.3
260.167 2.0
261.241 3.0
262.329 2.9
264.866 11.1
266.897 5.5
268.702 2.7
269.539 3.9
271.923 7.0
273.071 3.5
274.029 1.5
280.921 570.6
282.876 25.1
283.563 1.0
284.868 8.6
286.872 1.7
289.080 9.0
290.217 11.3
293.911 2.6
296.689 32.7
298.501 1038.9
299.285 3.7
299.943 7.1
301.042 11.6
304.211 3.5
305.213 5.2
308.567 4.2
309.231 1.4
312.570 5.4
314.075 3.6
315.358 4.0
317.862 6.2
318.468 1.1
319.364 3.1
323.359 5.5
326.066 5.5
326.863 3.2
327.955 2.6
331.190 15.2
332.118 63.9
333.603 19.8
334.765 11.7
335.393 1.7
338.814 4.2
340.951 23.8
341.931 3.3
343.239 2.9
344.245 6.7
347.072 2.9
348.161 1.1
351.447 7.5
353.009 1.7
353.927 2.2
358.397 25.3
359.629 5.8
360.439 3.1
368.047 3.6
370.927 13.6
371.824 17.2
372.646 1.8
373.344 3.1
379.143 2.2
379.829 8.5
380.534 2.4
382.911 2.6
385.992 1.3
389.089 1.6
390.153 3.0
391.267 7.0
395.242 15.9
396.310 5.4
397.203 1.9
398.112 2.3
399.041 7.5
401.571 2.3
402.391 5.7
403.901 6.8
404.546 3.6
405.780 1.2
406.698 8.3
408.211 1.4
409.538 6.7
410.342 1.7
413.260 3.1
414.795 52.5
416.170 13.8
417.424 4.3
419.918 7.0
421.547 10.9
423.590 27.8
424.290 1.5
425.972 2.0
427.831 8.5
429.093 10.5
430.073 1.4
432.271 18.2
433.738 3.1
437.328 8.0
438.547 8.8
440.469 7.9
441.100 2.9
442.732 1.1
444.524 1.4
446.049 16.3
447.456 2.8
449.295 5.2
451.079 1.7
451.964 2.7
452.732 1.3
454.317 2.0
455.378 2.8
456.124 2.6
457.232 5.3
458.735 1.6
459.980 6.1
460.683 1.0
464.503 2.0
465.544 24.6
466.391 9.8
467.418 8.4
468.239 2.5
471.379 12.6
472.531 10.0
473.310 11.3
474.212 12.5
475.014 1.0
475.803 1.7
476.647 8.0
478.168 1.6
479.349 2.7
480.719 4.2
481.840 4.1
482.991 10.3
483.792 1.8
484.643 6.8
485.527 9.3
487.982 3.3
488.638 2.4
489.293 1.4
490.271 14.1
491.099 10.2
492.109 14.9
493.595 1.4
494.985 1.4
496.135 20.9
496.993 5.1
498.391 9.0
499.018 3.5
500.205 53.4
501.163 28.2
502.716 964.0
503.495 8.6
504.225 3.8
505.437 33.4
506.672 32.7
508.001 13.7
509.389 155.1
510.336 10.8
511.377 5.5
512.158 2.3
513.195 1.3
518.132 3.6
518.774 11.0
519.649 1.3
526.510 4.3
527.436 1.7
531.877 1.5
535.673 9.5
537.575 2.6
539.425 5.5
542.335 4.9
544.141 9.7
546.734 1.4
550.315 1.2
559.450 4.7
567.887 1.3
569.087 2.4
570.195 2.6
571.238 1.2
572.535 4.4
573.162 1.4
579.272 1.3
579.992 1.4
583.800 7.4
584.868 7.1
587.890 2.4
590.203 1.6
595.411 5.1
596.312 3.3
597.292 5.1
599.666 10.0
601.018 1.6
601.927 4.6
603.475 10.2
604.771 23.3
605.384 4.3
609.456 14.4
615.627 15.1
618.005 7.1
621.219 5.0
622.696 2.1
623.427 10.4
624.541 4.3
625.564 3.0
627.182 8.3
630.267 8.0
631.836 4.6
633.785 2.0
636.399 3.2
637.627 7.6
638.489 5.1
640.792 4.5
641.509 4.0
642.873 2.4
644.197 18.7
647.384 13.0
648.279 12.6
650.163 5.6
656.697 3.2
659.860 2.8
661.169 2.1
665.187 3.5
668.374 1.4
671.617 1.8
678.110 7.2
689.928 4.1
690.621 3.9
697.510 3.7
701.422 2.7
704.456 1.9
706.851 2.0
711.374 2.8
714.973 2.5
726.211 2.6
743.260 5.0
752.316 7.3
758.903 8.5
760.103 2.1
762.298 2.1
766.462 1.1
771.572 1.4
782.814 1.0
789.331 12.2
790.343 5.2
798.610 1.5
804.269 3.2
806.611 2.1
810.398 1.4
812.925 1.8
841.002 3.2
845.469 1.4
849.070 3.8
853.557 1.7
860.363 4.0
863.326 1.2
873.795 1.3
902.468 3.4
908.418 1.5
910.028 3.0
914.336 2.4
947.947 3.1
980.646 1.0
998.985 2.2
1106.695 2.7
