2170.39 2 
312.16 3.4
318.97 11.6
323.09 4.5
331.08 3.2
333.25 27.4
337.40 5.2
340.42 8.8
346.52 1.8
347.23 2.9
354.21 9.3
355.18 8.4
366.09 7.4
368.68 2.3
376.30 6.8
385.29 6.4
385.91 1.4
388.30 6.9
391.23 2.1
393.55 3.2
401.16 8.7
402.31 3.8
403.14 4.1
404.48 2.5
407.24 7.6
407.86 2.5
409.39 4.2
411.11 5.1
412.26 5.2
414.55 8.6
415.36 2.0
416.16 2.8
419.52 7.8
421.15 1.2
424.09 2.3
425.42 5.1
429.30 2.5
436.28 2.3
437.38 1.6
440.93 1.8
442.47 5.6
443.13 2.8
449.45 21.2
450.35 11.2
453.41 18.6
455.40 17.8
458.23 14.8
460.23 18.7
463.39 4.0
464.71 1.4
467.27 2.0
477.01 25.1
484.49 14.9
486.29 3.4
491.32 6.8
494.23 4.5
495.60 3.0
500.46 22.9
502.26 2.9
503.20 3.1
513.15 19.0
515.87 3.7
516.51 2.5
518.46 11.8
520.37 2.1
522.28 34.9
523.52 7.3
524.63 15.7
525.82 5.4
526.56 4.4
527.60 6.1
530.04 6.8
530.65 3.9
532.33 9.3
536.67 11.0
537.82 2.8
541.35 4.9
542.14 3.2
544.16 3.9
560.21 4.1
562.14 8.9
563.03 20.3
564.45 9.4
565.77 3.6
568.33 5.5
570.59 1.8
572.46 21.8
574.73 3.4
575.39 2.8
579.35 15.6
581.67 12.8
586.37 3.6
588.40 2.4
593.60 12.1
595.52 15.5
596.85 10.6
597.56 3.1
599.38 7.4
602.50 6.2
605.34 12.5
606.19 18.1
607.48 7.0
609.55 11.0
611.25 24.3
614.53 13.4
616.97 2.9
619.52 1.8
623.54 30.7
625.35 4.2
627.14 36.4
628.02 18.2
629.03 12.2
630.49 11.2
631.12 2.8
632.19 17.2
635.99 25.5
638.18 1.2
639.20 12.8
641.00 2.9
642.32 20.3
643.22 9.5
644.13 11.5
645.37 31.2
646.40 13.4
647.32 3.3
648.15 4.6
651.51 2.1
652.46 21.6
654.57 6.6
655.21 4.0
658.37 17.0
659.20 4.8
661.71 6.9
663.55 14.2
664.35 3.9
665.45 25.8
670.19 6.6
671.21 4.0
675.57 12.2
676.43 2.8
677.13 11.1
678.36 1.6
681.04 5.2
682.37 4.3
683.44 20.5
684.54 6.1
686.37 4.4
687.37 7.9
690.72 10.6
692.42 22.5
693.27 14.5
694.22 28.1
695.26 2.7
696.07 5.9
698.40 3.2
699.36 2.6
701.18 6.6
702.33 7.7
704.48 3.3
705.48 11.4
708.25 16.6
709.57 9.2
710.34 15.3
711.65 37.8
712.49 11.0
715.51 3.5
718.48 1.7
720.15 6.3
722.10 3.2
724.16 21.6
725.23 6.0
726.43 47.5
727.41 9.9
728.32 25.9
729.13 2.6
730.25 2.0
733.02 20.2
734.26 10.4
735.76 10.2
737.66 4.8
740.84 5.3
743.91 19.9
744.52 13.6
745.44 17.8
746.17 12.1
747.41 10.8
750.32 17.9
751.45 16.5
752.52 2.0
753.87 16.8
754.57 7.6
755.98 3.2
761.46 3.6
764.76 4.7
765.55 4.9
767.73 12.7
768.39 2.2
771.01 7.3
771.63 11.8
772.56 3.6
774.39 9.6
775.81 1.6
776.68 2.3
779.43 6.6
787.18 18.7
789.61 9.8
791.32 1.8
792.64 8.4
796.48 4.1
800.45 6.9
802.43 5.9
803.53 4.9
804.58 4.0
805.66 4.6
807.26 7.5
808.39 3.2
812.18 4.1
812.80 3.6
814.35 12.2
815.04 2.4
819.94 9.4
820.63 2.6
821.49 2.1
822.57 5.4
823.65 54.5
824.52 3.8
829.54 14.8
830.94 10.2
835.32 7.8
837.45 4.3
839.33 189.7
840.55 71.8
841.63 19.7
842.45 2.7
843.90 25.3
844.67 6.2
845.78 4.5
850.66 2.1
852.66 8.1
853.48 15.3
854.73 5.5
855.70 2.5
857.30 139.1
858.31 17.9
859.54 9.3
861.47 1.8
863.99 3.2
865.27 8.4
866.46 11.7
867.30 8.5
868.39 13.6
870.28 7.3
872.42 1.9
873.20 20.2
874.27 39.5
874.90 16.4
876.67 6.5
877.72 16.7
878.48 5.8
879.91 1.7
881.37 9.0
882.51 2.5
884.50 18.6
885.56 59.9
886.60 15.2
890.42 2.6
892.37 15.2
893.37 5.7
894.55 9.8
895.48 1.2
896.38 9.9
898.33 13.6
899.38 21.3
900.13 16.1
900.79 4.7
901.68 22.5
902.47 28.9
903.51 19.5
904.56 25.1
905.54 19.8
907.83 2.3
908.61 2.2
911.40 10.1
912.50 19.3
913.13 3.7
916.50 4.2
918.11 77.2
920.46 20.1
921.62 13.8
926.09 15.2
929.98 2.1
931.32 6.4
932.91 15.1
934.49 7.0
937.51 13.1
938.51 9.9
940.34 23.6
944.83 15.1
945.73 14.5
949.06 6.3
949.80 26.5
953.14 27.8
953.87 11.1
954.53 4.9
955.93 2.8
957.59 6.4
958.52 28.0
959.44 21.4
961.60 11.1
962.55 1.6
963.29 18.2
966.46 15.3
967.20 84.7
968.16 9.8
969.78 3.9
971.04 10.4
971.71 8.5
975.94 9.5
977.27 20.7
979.64 31.2
980.55 12.8
982.23 26.8
983.18 3.0
984.73 60.1
985.92 39.9
986.75 48.7
987.83 27.7
989.20 7.0
990.30 27.6
991.99 10.6
993.52 15.7
994.49 8.7
999.32 37.8
1000.70 21.2
1002.17 5.4
1004.66 34.6
1005.67 14.5
1008.81 28.6
1010.12 4.9
1012.12 13.7
1012.89 7.8
1014.13 29.6
1014.98 2.2
1016.75 31.6
1017.71 11.4
1019.04 3.0
1019.70 8.1
1020.63 5.8
1021.54 5.2
1022.97 43.2
1023.70 13.6
1024.51 24.6
1025.49 17.6
1026.73 2.7
1028.87 15.8
1030.20 14.0
1031.50 18.9
1032.56 66.7
1033.67 18.2
1034.79 33.9
1036.48 11.2
1037.66 21.3
1040.45 12.1
1041.67 12.5
1042.91 22.4
1043.71 4.0
1046.03 24.1
1048.38 6.0
1049.33 41.2
1051.29 28.4
1051.94 28.7
1053.62 7.0
1055.20 11.8
1057.31 15.7
1058.38 2.1
1059.56 7.8
1060.79 17.6
1061.68 25.6
1062.79 30.7
1063.73 9.9
1064.55 11.0
1065.50 22.8
1066.34 136.3
1067.00 20.0
1067.70 54.4
1068.60 43.9
1069.38 16.4
1070.03 7.8
1070.96 16.8
1072.29 13.8
1073.96 29.0
1087.58 3.1
1090.54 8.1
1091.46 2.5
1092.59 7.5
1093.42 19.0
1095.13 6.5
1103.65 31.6
1105.21 3.8
1106.55 9.6
1107.84 14.4
1108.53 2.2
1113.56 4.0
1114.46 9.2
1120.51 22.2
1128.28 4.8
1132.61 5.6
1135.22 4.7
1137.99 21.0
1138.66 16.1
1139.62 9.4
1141.10 16.3
1142.31 8.1
1144.57 9.5
1145.54 4.9
1146.87 8.6
1151.46 6.5
1152.74 2.5
1156.46 2.8
1157.51 2.9
1160.43 2.1
1162.54 7.1
1163.52 40.5
1164.66 34.1
1166.34 16.0
1167.22 23.2
1169.11 3.6
1170.89 7.0
1172.77 5.7
1174.51 28.8
1175.25 6.7
1176.33 20.8
1178.54 8.9
1180.32 10.8
1181.45 29.1
1182.19 25.4
1184.97 7.5
1188.07 26.8
1190.70 10.5
1192.29 5.0
1193.45 2.7
1199.64 4.3
1200.30 13.9
1202.16 2.5
1206.56 8.7
1207.75 9.9
1208.89 9.8
1210.65 8.7
1213.47 7.2
1214.69 29.5
1215.80 16.1
1216.93 4.4
1218.74 5.8
1221.37 23.4
1224.07 17.5
1224.86 19.6
1231.40 28.7
1232.54 5.3
1234.61 4.9
1237.44 3.3
1239.68 8.0
1241.92 6.2
1242.60 6.6
1243.35 1.6
1244.51 30.8
1245.96 3.4
1248.34 5.6
1249.34 17.6
1250.92 7.1
1252.43 5.6
1254.13 6.0
1256.37 7.7
1258.80 7.9
1263.59 3.0
1264.49 13.5
1265.22 15.1
1267.51 3.6
1268.34 4.2
1269.98 9.1
1271.71 6.3
1273.50 22.8
1274.51 8.8
1276.12 2.4
1280.91 5.1
1282.28 7.8
1289.60 9.1
1293.74 16.5
1294.67 11.3
1295.66 16.5
1296.87 6.7
1297.66 4.2
1299.97 2.1
1302.56 12.5
1303.54 3.8
1304.56 5.5
1305.25 4.2
1307.71 4.7
1309.62 17.1
1310.44 26.2
1311.69 14.8
1313.63 477.0
1314.70 218.4
1315.80 63.3
1316.73 4.9
1320.10 13.4
1321.42 8.7
1322.57 10.0
1324.42 2.0
1327.06 38.1
1327.90 25.6
1328.53 19.6
1329.55 19.5
1330.67 39.4
1331.57 16.0
1332.35 3.3
1336.10 2.5
1338.75 4.1
1341.51 61.2
1342.60 2.1
1344.42 24.2
1349.60 8.8
1350.87 4.9
1352.57 4.7
1358.19 3.1
1363.57 8.6
1367.93 2.7
1368.65 9.8
1369.66 2.5
1377.80 3.3
1378.49 14.9
1380.03 1.7
1382.83 13.8
1388.42 3.7
1393.43 14.7
1397.81 6.6
1400.72 6.0
1402.78 10.0
1404.99 6.3
1408.70 16.0
1409.93 9.5
1411.03 5.9
1413.67 6.0
1415.90 14.3
1416.72 15.0
1417.84 24.5
1418.72 8.8
1421.60 13.3
1426.64 100.6
1427.74 85.9
1428.74 18.2
1429.71 2.6
1431.74 1.6
1433.42 8.0
1438.11 10.1
1438.86 42.6
1439.56 55.3
1440.64 69.6
1441.91 9.6
1443.59 6.6
1444.46 8.4
1445.06 6.6
1447.82 7.2
1449.54 1.4
1451.83 18.6
1454.63 3.5
1456.73 11.2
1458.48 6.9
1463.89 5.6
1470.78 3.6
1471.66 4.3
1476.27 10.1
1477.91 3.0
1479.99 15.0
1480.79 6.1
1481.74 4.7
1486.43 16.9
1487.85 13.5
1494.39 4.0
1495.51 2.3
1497.42 11.5
1498.30 16.8
1500.09 17.0
1501.79 9.6
1503.81 22.5
1507.25 27.4
1509.65 2.5
1512.18 8.8
1514.86 3.2
1515.59 8.7
1516.62 12.3
1517.22 2.1
1518.54 4.0
1521.32 6.3
1525.73 49.2
1526.62 54.8
1527.94 20.4
1528.96 3.5
1530.33 2.8
1532.24 9.8
1538.35 18.3
1539.69 1.8
1540.40 6.7
1541.31 8.9
1542.76 2.2
1543.56 12.7
1549.39 3.7
1554.56 12.2
1556.04 16.6
1560.63 5.6
1561.67 5.1
1563.92 5.5
1568.83 12.2
1576.07 3.2
1577.05 6.3
1577.92 8.4
1578.53 8.3
1582.01 3.9
1583.56 5.0
1584.71 4.1
1585.78 5.5
1589.01 10.7
1592.19 1.9
1596.86 22.1
1598.84 12.5
1600.64 8.2
1602.70 10.1
1604.23 2.5
1605.98 7.9
1608.78 3.5
1610.61 15.5
1623.56 4.9
1626.30 9.3
1627.55 6.7
1629.99 3.3
1631.03 6.4
1631.64 2.6
1636.62 5.1
1637.48 6.3
1639.73 7.4
1640.97 72.0
1642.18 35.1
1643.09 16.0
1645.39 3.9
1646.58 28.4
1647.72 8.7
1649.88 5.7
1652.78 12.4
1653.56 9.5
1656.90 2.9
1657.59 2.5
1661.76 5.4
1671.82 5.0
1673.69 6.1
1677.46 10.2
1692.68 7.9
1693.71 19.8
1694.91 2.4
1702.83 13.5
1710.62 8.2
1712.50 15.5
1714.37 6.5
1716.69 5.5
1718.25 11.0
1723.19 1.7
1730.07 6.8
1730.96 1.8
1737.15 7.2
1739.75 10.1
1745.63 7.9
1746.94 3.9
1754.82 4.7
1758.62 1.4
1760.75 4.7
1762.74 17.8
1763.74 9.1
1764.68 8.1
1770.03 8.2
1772.24 27.4
1774.54 12.8
1776.76 3.2
1780.39 43.8
1781.64 2.0
1782.89 7.1
1786.67 9.3
1790.50 11.0
1792.64 24.4
1793.63 6.7
1796.70 4.6
1797.53 6.5
1798.99 5.4
1800.10 4.1
1801.86 8.5
1803.10 1.9
1804.88 2.9
1805.57 9.2
1807.73 3.4
1816.21 6.0
1816.81 4.5
1823.56 18.2
1824.44 30.2
1825.97 33.6
1828.72 4.5
1830.66 2.5
1831.63 17.0
1835.81 20.8
1837.05 7.1
1856.05 3.8
1872.21 24.8
1883.65 1.6
1887.31 8.0
1896.11 16.7
1897.16 5.9
1901.73 2.2
1903.98 12.1
1904.69 11.9
1914.05 3.7
1917.09 3.4
1918.68 8.6
1919.31 2.2
1920.29 5.1
1921.75 8.0
1922.86 3.2
1923.74 13.5
1934.93 6.4
1936.66 5.7
1937.50 42.1
1938.46 6.1
1940.13 1.9
1942.89 4.2
1947.99 5.9
1954.92 5.2
1964.84 14.7
1978.90 5.7
1992.84 2.3
